name	lig_cov	poc_cov	lig_name	volume	enclosure	surface	depth	surf/vol	lid/hull	ellVol	ell c/a	ell b/a	siteAtms	accept	donor	hydrophobic_interactions	hydrophobicity	metal	Cs	Ns	Os	Ss	Xs	negAA	posAA	polarAA	apolarAA	ALA	ARG	ASN	ASP	CYS	GLN	GLU	GLY	HIS	ILE	LEU	LYS	MET	PHE	PRO	SER	THR	TRP	TYR	VAL	simpleScore	drugScore
P_0	0.00	0.00	""	2343.35	0.19	3225.18	34.78	1.3763116905285169	-	-	0.18	0.21	440	 136	  54	 162	0.46	   0	 305	  62	  71	   2	   0	0.11	0.11	0.37	0.40	   8	   4	   5	   3	   4	   1	   7	   3	   2	   1	   8	   4	   1	   1	   9	   7	   3	   3	  10	   5	0.67	0.805876
P_0_0	0.00	0.00	""	340.84	0.19	557.89	12.01	1.6368090599694873	-	-	0.16	0.42	64	  16	  10	  18	0.41	   0	  43	  11	  10	   0	   0	0.07	0.13	0.20	0.60	   5	   2	   1	   0	   0	   0	   1	   0	   0	   1	   0	   0	   0	   0	   1	   1	   1	   0	   0	   2	0.33	0.373543
P_0_1	0.00	0.00	""	320.23	0.10	752.35	16.06	2.349405115073541	-	-	0.16	0.27	77	  18	  13	  37	0.54	   0	  54	  12	  11	   0	   0	0.00	0.13	0.27	0.60	   0	   0	   2	   0	   0	   0	   0	   0	   0	   0	   4	   2	   0	   0	   2	   2	   0	   1	   0	   2	0.35	0.363667
P_0_2	0.00	0.00	""	316.11	0.23	501.19	10.17	1.5854923918888995	-	-	0.18	0.32	64	  28	  11	  17	0.30	   0	  44	   7	  13	   0	   0	0.17	0.17	0.58	0.08	   0	   1	   1	   0	   1	   0	   2	   0	   0	   0	   0	   1	   1	   0	   0	   1	   1	   0	   3	   0	0.28	0.131472
P_0_3	0.00	0.00	""	286.22	0.21	387.12	13.22	1.352526028928796	-	-	0.17	0.22	64	  22	   8	  24	0.44	   0	  45	   9	   8	   2	   0	0.06	0.06	0.50	0.38	   2	   0	   2	   0	   2	   0	   1	   0	   0	   0	   0	   1	   0	   0	   3	   0	   1	   1	   3	   0	0.27	0.246522
P_0_4	0.00	0.00	""	168.14	0.10	278.61	12.23	1.6570120137980258	-	-	0.20	0.24	65	  12	   4	  18	0.53	   0	  48	  10	   7	   0	   0	0.07	0.21	0.29	0.43	   1	   1	   0	   1	   0	   0	   0	   1	   2	   0	   0	   0	   0	   1	   2	   1	   0	   0	   2	   2	0.15	0.450007
P_0_5	0.00	0.00	""	144.58	0.10	393.33	8.06	2.7205007608244567	-	-	0.35	0.52	32	  10	   4	  14	0.50	   0	  25	   3	   4	   0	   0	0.11	0.11	0.22	0.56	   0	   0	   0	   0	   0	   0	   1	   1	   0	   0	   1	   1	   0	   0	   2	   0	   1	   2	   0	   0	0.11	0.240554
P_0_6	0.00	0.00	""	130.30	0.24	315.34	7.20	2.4201074443591706	-	-	0.35	0.41	32	  12	   1	  13	0.50	   0	  23	   2	   7	   0	   0	0.33	0.33	0.00	0.33	   2	   1	   0	   1	   0	   0	   1	   0	   0	   0	   0	   1	   0	   0	   0	   0	   0	   0	   0	   0	0.05	0.244727
P_0_7	0.00	0.00	""	128.24	0.12	298.14	7.90	2.324859638178415	-	-	0.53	0.87	35	   8	   3	   8	0.42	   0	  26	   3	   6	   0	   0	0.33	0.11	0.11	0.44	   0	   0	   0	   1	   0	   0	   2	   0	   0	   0	   3	   1	   0	   0	   0	   1	   0	   0	   0	   1	0.07	0.39741
P_0_8	0.00	0.00	""	126.77	0.36	356.64	7.18	2.813283899976335	-	-	0.35	0.61	27	  10	   6	  10	0.38	   0	  18	   4	   5	   0	   0	0.00	0.33	0.33	0.33	   2	   1	   0	   0	   0	   0	   0	   0	   0	   0	   0	   1	   0	   0	   0	   1	   0	   0	   1	   0	0.00	0.105145
P_0_9	0.00	0.00	""	90.99	0.56	291.83	6.00	3.207275524782943	-	-	0.60	0.87	16	   4	   1	  20	0.80	   0	  13	   1	   2	   0	   0	0.17	0.00	0.17	0.67	   0	   0	   0	   0	   0	   0	   1	   0	   0	   0	   2	   0	   0	   0	   1	   0	   0	   1	   1	   0	0.00	0.413866
P_0_10	0.00	0.00	""	87.90	0.34	207.97	6.29	2.365984072810011	-	-	0.53	0.79	18	   6	   5	   7	0.39	   0	  12	   3	   3	   0	   0	0.25	0.12	0.38	0.25	   1	   0	   1	   0	   1	   0	   2	   0	   0	   0	   0	   1	   0	   0	   1	   0	   1	   0	   0	   0	0.00	0.0977195
P_0_11	0.00	0.00	""	79.21	0.01	260.73	7.35	3.2916298447165766	-	-	0.26	0.63	42	  10	   3	  13	0.50	   0	  31	   5	   6	   0	   0	0.11	0.11	0.44	0.33	   1	   0	   0	   0	   0	   1	   1	   0	   0	   0	   2	   1	   0	   0	   0	   2	   0	   0	   1	   0	0.00	0.30283
P_0_12	0.00	0.00	""	64.05	0.21	194.58	5.25	3.037939110070258	-	-	0.43	0.71	25	   8	   3	   7	0.39	   0	  17	   3	   5	   0	   0	0.33	0.00	0.33	0.33	   0	   0	   0	   0	   0	   1	   2	   0	   0	   0	   2	   0	   0	   0	   0	   1	   0	   0	   0	   0	0.00	0.190418
P_0_13	0.00	0.00	""	59.78	0.22	135.24	6.55	2.2622950819672134	-	-	0.29	0.66	25	   6	   4	  12	0.55	   0	  17	   4	   2	   2	   0	0.14	0.00	0.43	0.43	   1	   0	   0	   0	   2	   0	   1	   1	   0	   0	   0	   0	   0	   0	   1	   0	   0	   1	   0	   0	0.00	0.211415
P_1	0.00	0.00	""	1481.60	0.17	1748.48	15.96	1.1801295896328294	-	-	0.13	0.69	190	  64	  32	  95	0.50	   0	 132	  23	  34	   1	   0	0.22	0.11	0.35	0.32	   2	   3	   0	   4	   1	   3	   4	   1	   0	   0	   3	   1	   1	   1	   4	   2	   3	   1	   3	   0	0.68	0.764469
P_1_0	0.00	0.00	""	1031.66	0.12	1411.23	15.96	1.367921602078204	-	-	0.12	0.49	161	  54	  24	  82	0.51	   0	 114	  17	  30	   0	   0	0.19	0.10	0.39	0.32	   1	   2	   0	   4	   0	   3	   2	   1	   0	   0	   3	   1	   1	   1	   3	   2	   3	   1	   3	   0	0.89	0.729211
P_1_1	0.00	0.00	""	218.64	0.28	429.66	8.58	1.965148188803513	-	-	0.25	0.35	37	  12	   4	  21	0.57	   0	  26	   3	   8	   0	   0	0.33	0.11	0.33	0.22	   1	   1	   0	   0	   0	   1	   3	   0	   0	   0	   0	   0	   1	   0	   0	   0	   2	   0	   0	   0	0.19	0.244509
P_1_2	0.00	0.00	""	137.07	0.22	374.16	8.21	2.7297001532063914	-	-	0.39	0.60	29	   6	   8	  17	0.55	   0	  22	   4	   3	   0	   0	0.17	0.33	0.33	0.17	   0	   2	   0	   1	   0	   0	   0	   0	   0	   0	   0	   0	   0	   1	   0	   0	   0	   0	   2	   0	0.07	0.174495
P_1_3	0.00	0.00	""	94.23	0.45	219.61	7.26	2.3305741271357316	-	-	0.61	0.88	18	  10	   6	   4	0.20	   0	  10	   3	   4	   1	   0	0.25	0.12	0.25	0.38	   1	   1	   0	   1	   1	   0	   1	   0	   0	   0	   1	   0	   0	   0	   1	   0	   0	   0	   1	   0	0.00	0.0313826
P_2	0.00	0.00	""	1111.46	0.14	1636.65	20.18	1.4725226278948411	-	-	0.39	0.50	264	  93	  56	  69	0.32	   0	 170	  43	  44	   7	   0	0.06	0.19	0.33	0.42	   2	   4	   2	   3	   3	   2	   0	   1	   1	   2	   1	   4	   4	   2	   4	   2	   4	   0	   2	   5	0.61	0.800457
P_2_0	0.00	0.00	""	442.73	0.05	762.17	19.08	1.7215232760373138	-	-	0.09	0.27	147	  47	  29	  22	0.22	   0	  96	  25	  23	   3	   0	0.11	0.19	0.30	0.41	   1	   2	   1	   3	   2	   1	   0	   0	   1	   1	   0	   2	   2	   1	   3	   1	   3	   0	   0	   3	0.44	0.278637
P_2_1	0.00	0.00	""	256.77	0.28	348.33	10.60	1.35658371305059	-	-	0.17	0.29	51	  16	  11	  14	0.34	   0	  34	   8	   9	   0	   0	0.08	0.38	0.23	0.31	   0	   2	   0	   1	   1	   1	   0	   0	   1	   0	   1	   2	   0	   0	   2	   1	   0	   0	   0	   1	0.20	0.172247
P_2_2	0.00	0.00	""	234.39	0.11	501.03	12.41	2.1375911941635737	-	-	0.21	0.30	75	  29	  17	  22	0.32	   0	  48	  13	  12	   2	   0	0.00	0.19	0.56	0.25	   1	   1	   1	   0	   2	   0	   0	   1	   1	   1	   0	   1	   1	   0	   1	   1	   3	   0	   1	   0	0.21	0.111363
P_2_3	0.00	0.00	""	114.10	0.21	305.56	8.33	2.678001752848379	-	-	0.54	0.94	37	  15	  10	   8	0.24	   0	  25	   5	   5	   2	   0	0.00	0.11	0.56	0.33	   0	   1	   1	   0	   1	   1	   0	   0	   0	   0	   0	   0	   2	   1	   0	   0	   1	   0	   1	   0	0.00	0.0809682
P_2_4	0.00	0.00	""	63.46	0.21	174.59	5.81	2.7511818468326505	-	-	0.37	0.75	24	   9	   5	  11	0.44	   0	  14	   4	   5	   1	   0	0.14	0.14	0.29	0.43	   1	   0	   0	   1	   0	   0	   0	   0	   1	   0	   0	   0	   1	   0	   0	   1	   1	   0	   0	   1	0.00	0.0977915
P_3	0.00	0.00	""	773.26	0.25	980.97	21.00	1.2686159894472753	-	-	0.12	0.23	153	  43	  22	  65	0.50	   0	 105	  26	  21	   1	   0	0.13	0.23	0.30	0.33	   1	   1	   2	   2	   0	   2	   2	   3	   4	   1	   2	   2	   1	   1	   1	   1	   1	   3	   0	   0	0.55	0.825577
P_3_0	0.00	0.00	""	405.18	0.28	531.15	12.33	1.3108988597660298	-	-	0.14	0.27	76	  18	  11	  37	0.56	   0	  54	  14	   8	   0	   0	0.12	0.31	0.12	0.44	   1	   1	   0	   0	   0	   0	   2	   1	   4	   0	   1	   0	   1	   1	   0	   1	   0	   3	   0	   0	0.40	0.43374
P_3_1	0.00	0.00	""	288.72	0.20	391.30	9.53	1.3552923247436963	-	-	0.25	0.47	66	  19	   9	  28	0.50	   0	  44	  11	  10	   1	   0	0.00	0.23	0.54	0.23	   0	   0	   2	   0	   0	   2	   0	   2	   2	   1	   1	   1	   1	   0	   0	   0	   1	   0	   0	   0	0.28	0.295511
P_3_2	0.00	0.00	""	79.36	0.26	189.87	6.47	2.392515120967742	-	-	0.24	0.60	23	  10	   4	   5	0.26	   0	  15	   3	   5	   0	   0	0.43	0.14	0.14	0.29	   0	   0	   0	   2	   0	   0	   1	   0	   0	   0	   0	   1	   1	   0	   1	   1	   0	   0	   0	   0	0.00	0.0769237
P_4	0.00	0.00	""	396.20	0.10	571.45	11.01	1.4423271075214539	-	-	0.61	0.80	83	  26	  12	  37	0.49	   0	  55	  13	  12	   3	   0	0.11	0.06	0.44	0.39	   1	   1	   1	   0	   3	   0	   2	   1	   0	   1	   0	   0	   0	   0	   3	   0	   2	   2	   1	   0	0.27	0.553233
P_5	0.00	0.00	""	337.60	0.11	547.69	9.16	1.6223045023696683	-	-	0.25	0.39	75	  22	  14	  19	0.35	   0	  52	  12	  11	   0	   0	0.00	0.14	0.36	0.50	   3	   2	   2	   0	   0	   0	   0	   1	   0	   1	   0	   0	   0	   1	   0	   1	   0	   0	   1	   2	0.16	0.464707
P_6	0.00	0.00	""	242.93	0.21	450.13	10.59	1.8529205944099123	-	-	0.17	0.39	62	  20	  14	  25	0.42	   0	  43	  10	   9	   0	   0	0.00	0.17	0.58	0.25	   0	   1	   3	   0	   0	   1	   0	   1	   0	   0	   2	   1	   1	   0	   0	   0	   0	   0	   2	   0	0.09	0.392883
P_7	0.00	0.00	""	180.06	0.12	319.60	11.77	1.774963900921915	-	-	0.15	0.37	62	  14	  11	  16	0.39	   0	  43	  11	   8	   0	   0	0.07	0.14	0.36	0.43	   1	   2	   0	   1	   0	   3	   0	   0	   0	   0	   1	   0	   1	   1	   0	   0	   1	   0	   1	   2	0.00	0.423382
P_8	0.00	0.00	""	156.21	0.00	282.05	15.10	1.805582229050637	-	-	0.08	0.13	75	  22	  12	   5	0.13	   0	  47	  13	  12	   3	   0	0.00	0.06	0.61	0.33	   1	   1	   2	   0	   3	   3	   0	   2	   0	   0	   1	   0	   1	   0	   2	   1	   0	   0	   0	   1	0.00	0.527161
P_9	0.00	0.00	""	152.39	0.17	342.73	10.31	2.2490320887197326	-	-	0.18	0.23	57	  16	  11	  16	0.37	   0	  36	  11	  10	   0	   0	0.14	0.29	0.43	0.14	   0	   2	   1	   1	   1	   0	   1	   0	   0	   0	   0	   2	   1	   1	   0	   3	   0	   0	   1	   0	0.00	0.288486
P_9_0	0.00	0.00	""	77.44	0.28	283.17	6.86	3.656637396694215	-	-	0.43	0.61	28	  12	   9	  12	0.36	   0	  15	   7	   6	   0	   0	0.11	0.44	0.33	0.11	   0	   2	   0	   1	   1	   0	   0	   0	   0	   0	   0	   2	   1	   0	   0	   2	   0	   0	   0	   0	0.00	0.043603
P_9_1	0.00	0.00	""	74.94	0.06	202.55	6.68	2.7028289298105155	-	-	0.38	0.70	42	  10	   7	   6	0.26	   0	  28	   7	   7	   0	   0	0.10	0.20	0.50	0.20	   0	   1	   1	   0	   0	   0	   1	   0	   0	   0	   0	   1	   1	   1	   0	   3	   0	   0	   1	   0	0.00	0.209851
P_10	0.00	0.00	""	151.80	0.13	254.49	12.60	1.6764822134387352	-	-	0.11	0.19	55	  12	   7	  15	0.44	   0	  40	   6	   9	   0	   0	0.00	0.00	0.43	0.57	   2	   0	   1	   0	   0	   2	   0	   1	   0	   1	   2	   0	   0	   0	   1	   1	   0	   1	   1	   1	0.00	0.446619
P_10_0	0.00	0.00	""	105.12	0.20	229.54	8.42	2.183599695585997	-	-	0.29	0.46	30	   8	   3	  15	0.58	   0	  24	   2	   4	   0	   0	0.00	0.00	0.43	0.57	   1	   0	   0	   0	   0	   1	   0	   0	   0	   0	   1	   0	   0	   0	   1	   1	   0	   1	   1	   0	0.02	0.284122
P_10_1	0.00	0.00	""	46.67	0.00	49.68	0.00	1.064495393186201	-	-	0.23	0.38	35	   6	   4	   0	0.00	   0	  25	   4	   6	   0	   0	0.00	0.00	0.36	0.64	   1	   0	   1	   0	   0	   1	   0	   1	   0	   1	   2	   0	   0	   0	   1	   1	   0	   1	   0	   1	0.00	0.337121
P_11	0.00	0.00	""	147.53	0.19	337.70	8.71	2.2890259608215278	-	-	0.49	0.52	44	   8	   5	  33	0.72	   0	  34	   5	   5	   0	   0	0.00	0.00	0.25	0.75	   0	   0	   0	   0	   0	   0	   0	   1	   0	   0	   1	   0	   0	   3	   0	   0	   1	   0	   0	   2	0.09	0.30509
P_12	0.00	0.00	""	144.88	0.10	337.86	11.96	2.3319988956377693	-	-	0.12	0.14	59	  22	   5	  11	0.29	   0	  43	   6	  10	   0	   0	0.20	0.13	0.27	0.40	   1	   0	   0	   1	   0	   1	   2	   1	   0	   0	   0	   2	   0	   1	   2	   2	   0	   0	   0	   2	0.00	0.396173
P_12_0	0.00	0.00	""	79.51	0.00	252.58	3.84	3.1767073324110173	-	-	0.44	0.53	39	  16	   4	   8	0.29	   0	  27	   5	   7	   0	   0	0.10	0.10	0.30	0.50	   1	   0	   0	   0	   0	   1	   1	   0	   0	   0	   0	   1	   0	   1	   1	   2	   0	   0	   0	   2	0.00	0.154055
P_12_1	0.00	0.00	""	65.37	0.23	158.42	5.31	2.42343582683188	-	-	0.34	0.78	27	  12	   3	   2	0.12	   0	  20	   2	   5	   0	   0	0.22	0.22	0.33	0.22	   0	   0	   0	   1	   0	   1	   1	   1	   0	   0	   0	   2	   0	   0	   1	   1	   0	   0	   0	   1	0.00	0.100772
P_13	0.00	0.00	""	133.69	0.12	247.54	10.25	1.8515969780836263	-	-	0.21	0.37	50	  22	   4	  10	0.28	   0	  39	   3	   8	   0	   0	0.00	0.00	0.62	0.38	   0	   0	   0	   0	   0	   1	   0	   0	   0	   0	   0	   0	   0	   0	   3	   0	   2	   0	   5	   2	0.00	0.316764
P_14	0.00	0.00	""	129.71	0.14	248.67	7.43	1.917122812427723	-	-	0.42	0.84	34	  10	   6	  12	0.43	   0	  23	   6	   5	   0	   0	0.10	0.10	0.40	0.40	   1	   1	   0	   1	   0	   1	   0	   2	   0	   1	   0	   0	   0	   0	   0	   1	   0	   0	   0	   2	0.00	0.215281
P_15	0.00	0.00	""	125.44	0.33	225.12	6.25	1.7946428571428572	-	-	0.22	0.29	32	  10	   4	  10	0.42	   0	  23	   4	   5	   0	   0	0.12	0.00	0.25	0.62	   0	   0	   0	   0	   1	   0	   1	   0	   0	   1	   0	   0	   1	   0	   0	   0	   1	   2	   0	   1	0.00	0.199608
P_16	0.00	0.00	""	110.72	0.34	202.24	6.91	1.8265895953757227	-	-	0.28	0.52	25	  12	   4	  18	0.53	   0	  18	   1	   6	   0	   0	0.14	0.00	0.57	0.29	   0	   0	   0	   1	   0	   2	   0	   0	   0	   0	   1	   0	   0	   0	   0	   0	   0	   1	   2	   0	0.00	0.170822
P_17	0.00	0.00	""	110.57	0.23	288.55	8.47	2.609659039522475	-	-	0.55	0.66	39	  14	   7	  11	0.34	   0	  27	   5	   7	   0	   0	0.00	0.40	0.20	0.40	   1	   1	   0	   0	   0	   1	   0	   0	   1	   1	   1	   2	   0	   0	   0	   1	   0	   0	   0	   1	0.00	0.234995
P_18	0.00	0.00	""	106.30	0.29	271.80	7.26	2.556914393226717	-	-	0.48	0.56	29	   8	   5	   9	0.41	   0	  22	   3	   4	   0	   0	0.00	0.12	0.25	0.62	   0	   0	   0	   0	   0	   0	   0	   2	   0	   1	   2	   1	   0	   0	   0	   0	   0	   0	   0	   2	0.00	0.215269
